Slowo                | Ilosc wystapien |         | numery linii
A                              2               [ 166 ]
aAAaAAAaaAaAaaaaaaaaaaaaaaAAaa____A 1               [ 164 ]
allocateWord                   6               [ 11 , 24 , 67 , 99 , 100 , 116 ]
amount                         1               [ 134 ]
c                              15              [ 13 , 14 , 15 , 165 , 166 , 169 , 170 , 173 , 174 ]
calloc                         4               [ 48 , 58 , 62 , 117 ]
ch                             7               [ 21 , 22 , 23 , 27 , 28 , 29 ]
char                           27              [ 8 , 9 , 10 , 11 , 12 , 13 , 14 , 15 , 24 , 57 , 73 , 98 , 99 , 100 , 116 , 117 , 120 , 121 , 122 , 124 , 165 , 169 , 173 ]
copy1                          6               [ 99 , 102 , 105 , 108 , 110 ]
copy2                          6               [ 100 , 103 , 106 , 108 , 111 ]
count                          4               [ 45 , 60 , 134 , 153 ]
CreateRoot                     4               [ 9 , 57 , 58 , 74 ]
curr                           17              [ 87 , 89 , 90 , 91 , 92 , 135 , 136 , 137 , 138 , 139 , 154 , 155 , 156 , 157 , 158 ]
d                              4               [ 134 , 137 , 153 , 156 ]
else                           4               [ 40 , 75 , 76 , 77 ]
EOF                            1               [ 22 ]
fgetc                          2               [ 22 , 29 ]
FILE                           10              [ 19 , 145 , 149 , 152 , 153 , 156 , 157 , 160 , 161 ]
fin                            3               [ 19 , 22 , 29 ]
findAndInsert                  5               [ 8 , 36 , 73 , 75 , 76 ]
first                          3               [ 147 , 148 , 150 ]
fprintf                        5               [ 149 , 153 , 156 , 157 , 160 ]
free                           6               [ 37 , 85 , 91 , 95 , 110 , 111 ]
FreeTree                       3               [ 81 , 83 , 84 ]
h                              6               [ 1 , 2 , 3 , 4 , 5 , 6 ]
i                              2               [ 25 , 28 ]
if                             17              [ 22 , 23 , 30 , 47 , 49 , 59 , 63 , 74 , 75 , 76 , 82 , 123 , 132 , 138 , 146 , 148 , 157 ]
Ilosc                          1               [ 149 ]
include                        6               [ 1 , 2 , 3 , 4 , 5 , 6 ]
index                          1               [ 1 ]
int                            28              [ 8 , 9 , 10 , 11 , 12 , 13 , 14 , 15 , 20 , 21 , 25 , 26 , 44 , 57 , 67 , 73 , 98 , 99 , 100 , 108 , 116 , 120 , 147 , 165 , 169 , 173 ]
IsAlpha                        3               [ 14 , 27 , 169 ]
IsDigit                        3               [ 15 , 170 , 173 ]
IsLetter                       4               [ 13 , 23 , 165 , 170 ]
line                           20              [ 8 , 9 , 20 , 36 , 40 , 44 , 47 , 50 , 57 , 64 , 73 , 74 , 75 , 76 , 77 , 137 , 156 ]
lines                          12              [ 47 , 51 , 52 , 62 , 63 , 64 , 65 , 87 , 134 , 135 , 154 ]
linii                          1               [ 149 ]
ListItem                       9               [ 48 , 62 , 87 , 90 , 135 , 154 ]
malloc                         1               [ 5 ]
memory                         1               [ 3 ]
memset                         1               [ 124 ]
n                              4               [ 22 , 141 , 149 , 160 ]
newItem                        5               [ 48 , 49 , 50 , 51 , 52 ]
next                           2               [ 90 , 92 ]
no                             1               [ 134 ]
NULL                           2               [ 59 , 63 ]
numery                         1               [ 149 ]
pFirst                         7               [ 62 , 63 , 64 , 65 , 87 , 135 , 154 ]
pLast                          4               [ 47 , 51 , 52 , 65 ]
pLeft                          5               [ 75 , 83 , 133 , 152 ]
pNext                          6               [ 51 , 90 , 138 , 139 , 157 , 158 ]
poczatek                       1               [ 22 ]
powtorzen                      1               [ 47 ]
pRight                         5               [ 76 , 84 , 142 , 161 ]
printf                         4               [ 134 , 137 , 138 , 141 ]
printInOnder                   3               [ 131 , 133 , 142 ]
pRoot                          55              [ 8 , 9 , 19 , 36 , 44 , 45 , 47 , 51 , 52 , 57 , 58 , 59 , 60 , 62 , 63 , 64 , 65 , 67 , 68 , 69 , 73 , 74 , 75 , 76 , 77 , 78 , 81 , 82 , 83 , 84 , 85 , 87 , 95 , 131 , 132 , 133 , 134 , 135 , 142 , 145 , 146 , 152 , 153 , 154 , 161 ]
ptemp                          2               [ 121 , 125 ]
pWord                          7               [ 67 , 68 , 75 , 76 , 85 , 134 , 153 ]
realloc                        1               [ 122 ]
relocate                       3               [ 12 , 31 , 120 ]
result                         2               [ 108 , 113 ]
return                         16              [ 47 , 49 , 59 , 63 , 69 , 78 , 82 , 113 , 117 , 126 , 128 , 132 , 146 , 166 , 170 , 174 ]
s                              2               [ 134 , 153 ]
size                           11              [ 11 , 12 , 24 , 26 , 31 , 32 , 116 , 117 , 120 , 122 , 124 ]
sizeof                         6               [ 48 , 58 , 62 , 117 , 122 , 124 ]
Slowo                          1               [ 149 ]
srodku                         1               [ 22 ]
static                         1               [ 147 ]
stdio                          1               [ 2 ]
stdlib                         1               [ 6 ]
StrCmp                         5               [ 10 , 75 , 76 , 98 , 108 ]
strcpy                         4               [ 68 , 102 , 103 , 125 ]
string                         1               [ 4 ]
strlen                         5               [ 30 , 35 , 67 , 99 , 100 ]
tagTreeItem                    2               [ 8 , 9 ]
TreeItem                       13              [ 8 , 9 , 19 , 44 , 57 , 58 , 73 , 81 , 131 , 145 ]
value                          11              [ 8 , 9 , 57 , 67 , 68 , 73 , 74 , 75 , 76 ]
Visit                          2               [ 44 , 77 ]
void                           5               [ 19 , 44 , 81 , 131 , 145 ]
w                              1               [ 22 ]
while                          5               [ 22 , 27 , 89 , 136 , 155 ]
word                           17              [ 12 , 24 , 28 , 30 , 31 , 35 , 36 , 37 , 120 , 121 , 122 , 123 , 124 , 125 , 134 ]
word1                          4               [ 10 , 98 , 99 , 102 ]
word2                          4               [ 10 , 98 , 100 , 103 ]
writeInOrder                   3               [ 145 , 152 , 161 ]
WriteToTree                    1               [ 19 ]
wystapien                      1               [ 149 ]
wywalanie                      1               [ 47 ]
Z                              2               [ 166 ]
_                              1               [ 166 ]
_Aa                            1               [ 22 ]
_aA1                           1               [ 22 ]
_strupr                        2               [ 105 , 106 ]
